0.006654 0.00721 0.005917 0.0009345 0.02508 0.01087 0.005021 0.01416 0.01322 0.01091 0.00276 0.001348 0.005489 0.001407 0.001107 0.00072
0.00721  0.0439 0.01637 0.003387 0.04424 0.02659 0.01158 0.02402 0.02125 0.02616 0.007534 0.00452 0.02862 0.004899 0.003561 0.003293
0.005917 0.01637 0.02251 0.001957 0.03496  0.0158 0.00771 0.01937 0.01615 0.01618 0.006178 0.002511 0.01152 0.00308 0.002428 0.001752
0.0009345 0.003387 0.001957 0.001444 0.01966 0.007526 0.007696  0.0113 0.009693 0.01074 0.0005862 0.000297 0.002445 0.0005938 0.0003448 0.0003093
0.02508 0.04424 0.03496 0.01966  0.4572  0.1479  0.1724   0.291  0.2306  0.2272 0.01516 0.007704  0.0311 0.01051 0.006157 0.00457
0.01087 0.02659  0.0158 0.007526  0.1479 0.06534 0.05571 0.08436  0.0712 0.08489 0.008219 0.005775 0.02144 0.005319 0.00249 0.002506
0.005021 0.01158 0.00771 0.007696  0.1724 0.05571  0.0721  0.1105 0.08609 0.09097 0.003577 0.001987 0.008125 0.003102 0.001387 0.001209
0.01416 0.02402 0.01937  0.0113   0.291 0.08436  0.1105  0.1944  0.1476  0.1388 0.008458 0.003647 0.01521 0.005702 0.003563 0.002481
0.01322 0.02125 0.01615 0.009693  0.2306  0.0712 0.08609  0.1476  0.1185  0.1117 0.007158 0.003324 0.01407 0.004921 0.003319 0.002163
0.01091 0.02616 0.01618 0.01074  0.2272 0.08489 0.09097  0.1388  0.1117  0.1243 0.008085 0.005284 0.02018 0.005827 0.002679 0.002555
0.00276 0.007534 0.006178 0.0005862 0.01516 0.008219 0.003577 0.008458 0.007158 0.008085 0.002779 0.001567 0.00525 0.00124 0.0008731 0.0006891
0.001348 0.00452 0.002511 0.000297 0.007704 0.005775 0.001987 0.003647 0.003324 0.005284 0.001567 0.001216 0.003606 0.0006614 0.0003599 0.0003945
0.005489 0.02862 0.01152 0.002445  0.0311 0.02144 0.008125 0.01521 0.01407 0.02018 0.00525 0.003606 0.02115 0.00331 0.002181 0.002228
0.001407 0.004899 0.00308 0.0005938 0.01051 0.005319 0.003102 0.005702 0.004921 0.005827 0.00124 0.0006614 0.00331 0.0008028 0.0004926 0.0004148
0.001107 0.003561 0.002428 0.0003448 0.006157 0.00249 0.001387 0.003563 0.003319 0.002679 0.0008731 0.0003599 0.002181 0.0004926 0.0004825 0.0002935
0.00072 0.003293 0.001752 0.0003093 0.00457 0.002506 0.001209 0.002481 0.002163 0.002555 0.0006891 0.0003945 0.002228 0.0004148 0.0002935 0.0002731
